,Name,Country,Latitude,Longitude,Max Temperature,Cloudiness,Date,Humidity,Wind Speed
0,Punta Arenas,CL,-53.16,-70.91,69.8,96,1577909650,37,19.46
1,Sosenskiy,RU,54.06,35.96,28.4,58,1577910241,79,6.71
2,Arraial do Cabo,BR,-22.97,-42.02,87.8,100,1577909653,65,21.92
3,Dedougou,BF,12.47,-3.47,70.5,0,1577910242,12,9.24
4,Port Hedland,AU,-20.31,118.58,86.0,40,1577909801,79,9.17
5,Rikitea,PF,-23.12,-134.97,78.67,100,1577910243,80,11.65
6,Isangel,VU,-19.55,169.27,77.0,38,1577909956,61,4.7
7,Cape Town,ZA,-33.93,18.42,68.0,20,1577909646,88,23.04
8,Bandarbeyla,SO,9.49,50.81,78.91,41,1577909872,78,13.24
9,Broome,GB,52.47,1.45,42.01,90,1577909950,86,11.41
10,Havoysund,NO,71.0,24.66,28.4,75,1577910245,79,17.22
11,Ushuaia,AR,-54.81,-68.31,69.8,40,1577910043,32,16.11
12,Kaeo,NZ,-35.1,173.78,64.99,54,1577910245,100,3.0
13,Atuona,PF,-9.8,-139.03,80.06,32,1577909683,76,17.54
14,Kahului,US,20.89,-156.47,78.8,40,1577909847,61,4.7
15,Mataura,NZ,-46.19,168.86,55.0,100,1577910246,93,1.01
16,Barrow,AR,-38.31,-60.23,70.36,0,1577909706,54,12.53
17,Orocue,CO,4.79,-71.34,89.87,40,1577910247,45,11.97
18,Amahai,ID,-3.31,129.0,82.38,99,1577909784,68,6.64
19,Dikson,RU,73.51,80.55,0.88,100,1577909846,91,25.64
20,Galveston,US,40.58,-86.19,46.4,1,1577910248,60,16.11
21,Komsomolskiy,RU,67.55,63.78,8.2,100,1577909687,94,14.34
22,Kutum,SD,14.2,24.66,63.72,0,1577909696,23,3.6
23,Kiama,AU,-34.67,150.86,68.0,90,1577910248,93,7.96
24,Avarua,CK,-21.21,-159.78,80.6,99,1577909691,78,25.28
25,Souillac,FR,45.6,-0.6,50.0,90,1577909776,93,10.29
26,Berlevag,NO,70.86,29.09,23.0,100,1577909650,79,17.22
27,Busselton,AU,-33.64,115.35,57.99,95,1577910250,61,4.76
28,Nicoya,CR,10.15,-85.45,91.4,75,1577910251,46,11.41
29,Mar del Plata,AR,-46.43,-67.52,66.11,100,1577909689,64,12.66
30,Pemba,MZ,-12.97,40.52,80.6,75,1577910251,94,6.93
31,Leningradskiy,RU,69.38,178.42,-21.44,0,1577909655,98,10.0
32,Hithadhoo,MV,-0.6,73.08,82.44,40,1577909953,79,11.34
33,Carnarvon,ZA,-30.97,22.13,70.57,0,1577909739,21,7.87
34,Bluff,AU,-23.58,149.07,76.37,3,1577909660,78,11.97
35,Shklo,UA,49.95,23.54,33.8,75,1577910252,80,8.95
36,Bredasdorp,ZA,-34.53,20.04,66.2,69,1577909654,88,3.36
37,Tiksi,RU,71.64,128.87,-27.02,0,1577909662,79,4.63
38,Hamilton,CA,43.26,-79.87,34.0,75,1577909954,63,18.34
39,Hobart,AU,-42.88,147.33,64.0,20,1577910010,42,13.87
40,Saint George,GR,39.45,22.34,44.6,75,1577909697,70,13.87
41,New Norfolk,AU,-42.78,147.06,64.0,20,1577909691,42,11.41
42,Seoul,KR,37.57,126.98,32.0,90,1577909522,86,2.24
43,Vaini,IN,15.34,74.49,62.24,0,1577910254,84,0.78
44,Egvekinot,RU,66.32,-179.17,-22.02,0,1577910007,84,11.61
45,Agadir,MA,30.42,-9.58,57.2,0,1577910255,71,6.93
46,Torbay,CA,47.66,-52.73,33.01,90,1577909812,95,32.21
47,East London,ZA,-33.02,27.91,70.65,95,1577910256,86,14.65
48,Vardo,US,39.62,-77.74,46.99,1,1577909720,33,11.41
49,Qaanaaq,GL,77.48,-69.36,-34.78,100,1577909701,90,4.85
50,Lompoc,US,34.64,-120.46,64.99,1,1577909727,59,3.36
51,Clearwater,US,27.97,-82.8,73.99,40,1577910257,35,3.36
52,Faanui,PF,-16.48,-151.75,81.5,100,1577909669,79,20.76
53,Kaitangata,NZ,-46.28,169.85,51.22,100,1577909691,90,4.36
54,Klaksvik,FO,62.23,-6.59,48.2,100,1577909470,93,27.51
55,Port Elizabeth,US,39.31,-74.98,46.99,40,1577910258,39,10.29
56,Cabo San Lucas,MX,22.89,-109.91,73.99,40,1577909484,60,5.82
57,Isparta,TR,37.77,30.56,35.6,75,1577910258,69,4.7
58,Edd,ER,13.93,41.69,77.56,0,1577909783,70,2.08
59,Severomuysk,RU,56.17,113.57,-12.87,0,1577910259,80,3.87
60,Zrenjanin,RS,45.38,20.39,32.0,0,1577910259,100,1.12
61,Kamsack,CA,51.56,-101.9,26.6,90,1577910260,92,12.75
62,Puerto Ayora,EC,-0.74,-90.35,82.4,75,1577910260,65,8.05
63,Mikhaylovka,RU,52.96,103.29,2.59,98,1577910260,97,1.95
64,Chesterton,US,41.61,-87.06,42.01,1,1577910261,69,13.87
65,Georgetown,GY,6.8,-58.16,86.0,20,1577909685,70,9.17
66,Luba,PH,17.32,120.7,71.51,0,1577910262,79,7.05
67,Yellowknife,CA,62.45,-114.38,6.8,90,1577910262,92,6.93
68,Fairbanks,US,64.84,-147.72,-0.4,90,1577909525,84,4.7
69,Poya,NC,-21.35,165.16,75.36,34,1577909839,74,3.58
70,Sao Miguel do Araguaia,BR,-13.28,-50.16,80.71,99,1577910263,87,1.7
71,Thompson,CA,55.74,-97.86,6.8,90,1577909664,92,8.05
72,Tashla,RU,53.71,49.75,28.4,75,1577910263,92,2.24
73,Hermanus,ZA,-34.42,19.24,71.01,0,1577910264,85,1.01
74,Bloomsburg,US,41.0,-76.45,37.4,90,1577910264,63,6.93
75,Myre,SE,62.25,17.37,43.0,100,1577910264,86,4.7
76,Lewisporte,CA,49.25,-55.06,30.99,90,1577910265,100,20.8
77,Lebu,ET,8.96,38.73,55.09,42,1577910265,78,2.37
78,Hilo,US,19.71,-155.08,78.8,75,1577910266,57,6.93
79,Iqaluit,CA,63.75,-68.52,1.4,90,1577909683,84,6.93
80,Acapulco,MX,16.86,-99.88,87.8,5,1577909869,62,4.7
81,Yulara,AU,-25.24,130.99,78.8,0,1577909433,34,8.05
82,Kapaa,US,22.08,-159.32,80.6,20,1577910267,54,6.93
83,Pasni,PK,25.26,63.48,66.02,100,1577910267,43,12.21
84,Nikolskoye,RU,59.7,30.79,37.4,90,1577909678,100,11.18
85,Albany,US,42.65,-73.75,37.99,75,1577910268,51,16.11
86,Jacmel,HT,18.24,-72.54,86.0,0,1577910269,66,11.41
87,Bambous Virieux,MU,-20.34,57.76,79.0,20,1577910269,88,5.82
88,Clyde River,CA,70.47,-68.59,-13.0,40,1577909782,83,6.93
89,Taoudenni,ML,22.68,-3.98,54.32,0,1577910269,18,14.5
90,Tondano,ID,1.3,124.91,75.2,40,1577910270,94,2.24
91,Pitogo,PH,13.79,122.09,79.23,28,1577910271,79,21.03
92,Hualmay,PE,-11.1,-77.61,76.73,61,1577909765,59,7.99
93,Port Alfred,ZA,-33.59,26.89,66.99,69,1577910271,89,4.0
94,Upernavik,GL,72.79,-56.15,-16.49,99,1577910272,91,8.55
95,Businga,CD,3.34,20.89,74.1,100,1577910272,39,0.76
96,Troy,US,42.73,-73.69,37.99,75,1577910111,51,16.11
97,Laguna,BZ,16.17,-88.94,86.0,20,1577909869,62,4.7
98,Callander,GB,56.24,-4.21,46.0,90,1577910273,75,13.87
99,Fremont,US,37.55,-121.99,62.01,75,1577909849,82,5.82
100,Boras,SE,57.72,12.94,43.0,90,1577910114,80,12.75
101,Champerico,MX,16.38,-93.6,87.8,20,1577909713,43,13.87
102,Tuktoyaktuk,CA,69.44,-133.03,-4.0,90,1577910275,70,9.17
103,Jamestown,AU,-33.21,138.6,64.38,0,1577910275,41,10.94
104,Gizo,IL,31.8,34.94,57.2,75,1577910275,76,6.93
105,Olinda,AU,-37.84,145.39,62.01,0,1577910276,72,5.82
106,Nouadhibou,MR,20.93,-17.03,68.0,100,1577909776,45,8.05
107,Norman Wells,CA,65.28,-126.83,-11.2,90,1577909678,76,10.29
108,Walvis Bay,NA,-22.95,14.51,62.6,90,1577910276,77,5.82
109,Koutsouras,GR,35.03,25.95,52.92,78,1577910277,72,26.89
110,Port Said,EG,25.34,30.55,51.08,100,1577910277,52,6.15
111,Petropavlovsk-Kamchatskiy,RU,53.05,158.65,23.0,40,1577910277,85,4.47
112,Marinette,US,45.1,-87.63,32.0,1,1577910278,86,12.75
113,Kavaratti,IN,10.57,72.64,81.95,24,1577909806,70,5.41
114,Ludvika,SE,60.15,15.18,42.01,100,1577910279,60,10.29
115,Nanga Eboko,CM,4.68,12.37,70.05,97,1577910279,36,2.51
116,Bereda,ES,43.27,-7.54,44.01,69,1577910280,100,4.7
117,Mahebourg,MU,-20.41,57.7,78.8,20,1577909983,88,5.82
118,Saint-Philippe,CA,45.36,-73.48,34.0,20,1577910281,86,12.75
119,Chase,US,38.35,-98.35,55.0,1,1577910281,43,14.99
120,Ribeira Grande,PT,38.52,-28.7,60.8,40,1577910282,72,17.22
121,Lodwar,KE,3.12,35.6,86.0,7,1577910282,35,13.02
122,Boa Vista,BR,2.82,-60.67,89.6,40,1577909718,35,16.11
123,Kodiak,US,39.95,-94.76,57.0,1,1577910282,57,21.92
124,Talnakh,RU,69.49,88.39,-0.4,75,1577909729,84,26.84
125,Panalingaan,PH,8.78,117.42,80.19,57,1577910283,76,11.68
126,Severo-Kurilsk,RU,50.68,156.12,11.84,30,1577909733,73,3.36
127,Kudahuvadhoo,MV,2.67,72.89,81.72,25,1577910284,78,13.4
128,Vila Franca do Campo,PT,37.72,-25.43,60.8,75,1577909686,93,14.99
129,San Felipe,CL,-32.75,-70.73,87.01,0,1577910284,42,4.0
130,Pevek,RU,69.7,170.27,-22.16,0,1577909794,96,8.86
131,Susuman,RU,62.78,148.15,-2.2,100,1577910285,97,1.77
132,Romitan,UZ,39.93,64.38,41.0,88,1577910286,75,6.93
133,Nanortalik,GL,60.14,-45.24,25.75,0,1577909800,57,20.4
134,Magadan,RU,59.56,150.8,17.89,100,1577910287,76,35.88
135,Fallon,US,46.84,-105.12,39.99,90,1577910287,93,12.75
136,Saldanha,PT,41.42,-6.55,39.36,18,1577909798,67,1.34
137,Atar,MR,20.52,-13.05,60.87,100,1577909770,14,15.73
138,Vostok,RU,46.45,135.83,-14.22,100,1577910288,96,7.7
139,Gat,SN,14.69,-16.54,84.2,8,1577909823,13,9.17
140,Kirakira,SB,-10.46,161.92,79.7,2,1577909874,76,3.47
141,Port Hawkesbury,CA,45.62,-61.36,37.0,90,1577910289,89,9.17
142,Jaisalmer,IN,26.91,70.91,53.47,0,1577910290,28,11.83
143,Dixon,US,38.45,-121.82,66.0,1,1577910290,71,1.79
144,Mazara del Vallo,IT,37.65,12.59,55.99,0,1577910291,71,9.17
145,Jalu,LY,29.03,21.55,47.25,59,1577910291,73,10.54
146,Sao Filipe,CV,14.9,-24.5,72.95,100,1577910291,66,15.32
147,Sobolevo,RU,54.43,31.9,28.69,63,1577909839,91,10.85
148,Rawson,AR,-43.3,-65.11,66.07,0,1577909864,66,26.26
149,Taylor,CA,56.15,-120.68,21.2,75,1577910292,92,4.7
150,Cherskiy,RU,68.75,161.3,-9.63,100,1577909758,71,10.13
151,Hasaki,JP,35.73,140.83,28.0,20,1577910292,92,1.12
152,Basco,US,40.33,-91.2,54.0,1,1577910293,40,16.11
153,Bethel,US,60.79,-161.76,-5.8,90,1577910293,76,18.34
154,Talara,PE,-4.58,-81.27,62.6,0,1577910294,100,13.87
155,Hunfeld,DE,50.68,9.77,30.99,0,1577910294,92,2.24
156,Cabedelo,BR,-6.97,-34.84,80.6,75,1577910294,78,9.17
157,Salina Cruz,MX,16.18,-95.2,81.68,100,1577910295,63,5.82
158,Manggar,ID,-2.88,108.27,81.34,100,1577910295,80,14.7
159,Khasan,RU,42.43,130.64,10.76,51,1577910296,66,5.21
160,Khatanga,RU,71.98,102.47,-5.26,0,1577910296,77,6.17
161,Umm Kaddadah,SD,13.6,26.69,71.56,4,1577910297,17,7.02
162,Xuanwu,CN,32.07,118.81,46.0,90,1577910297,100,4.47
163,Ponta do Sol,BR,-20.63,-46.0,76.06,100,1577910012,81,2.53
164,Airai,TL,-8.93,125.41,68.0,100,1577909749,92,1.3
165,Port Moresby,PG,-9.47,147.16,80.64,100,1577910298,80,3.44
166,Mount Gambier,AU,-37.83,140.78,50.0,90,1577909715,100,2.24
167,Kavieng,PG,-2.57,150.8,83.8,100,1577910299,73,6.04
168,Nishihara,JP,35.74,139.53,44.6,1,1577910299,69,8.21
169,Tarbes,FR,43.23,0.08,48.0,33,1577910299,93,3.36
170,Nizhneangarsk,RU,55.78,109.57,-5.55,99,1577910300,98,0.27
171,Garowe,SO,8.41,48.48,74.62,62,1577910301,66,15.5
172,Guerrero Negro,MX,27.97,-114.04,65.48,0,1577910301,52,12.64
173,Geraldton,CA,49.72,-86.95,17.6,90,1577910301,78,5.82
174,Saskylakh,RU,71.97,114.09,-12.96,0,1577910302,82,13.87
175,Antonina,BR,-25.43,-48.71,81.0,75,1577910303,57,10.29
176,Alofi,NU,-19.06,-169.92,80.6,40,1577910303,69,11.41
177,Ellensburg,US,47.0,-120.55,55.99,1,1577910289,70,21.92
178,Butaritari,KI,3.07,172.79,84.38,100,1577910303,78,8.86
179,Turukhansk,RU,65.8,87.96,3.34,100,1577909816,93,12.21
180,Coquimbo,CL,-29.95,-71.34,66.2,20,1577910304,68,12.75
181,Neuquen,AR,-38.95,-68.06,93.2,40,1577910305,12,14.99
182,Verkh-Usugli,RU,52.7,115.17,-13.07,0,1577910306,88,3.33
183,San Cristobal,HN,14.68,-86.92,81.05,67,1577909711,40,5.59
184,Ostrzeszow,PL,51.43,17.93,30.99,4,1577910307,8,9.08
185,Tonekabon,IR,36.82,50.88,50.0,40,1577910307,87,2.24
186,Chodavaram,IN,17.44,81.78,64.24,1,1577910307,95,4.05
187,Castro,CL,-42.48,-73.76,75.2,49,1577910308,53,6.93
188,Katobu,ID,-4.94,122.53,75.34,100,1577910308,95,5.64
189,Sri Aman,MY,1.24,111.46,77.0,100,1577910309,94,0.74
190,Marzuq,YE,14.4,46.47,63.66,4,1577909786,87,3.76
191,Zyryanka,RU,65.73,150.89,-13.63,100,1577910309,96,3.91
192,Guaranda,EC,-1.59,-79.0,55.0,96,1577910310,58,5.01
193,Tautira,PF,-17.73,-149.15,86.0,20,1577910310,70,18.34
194,Belmonte,PT,40.36,-7.35,46.0,11,1577909838,14,1.99
195,Touros,BR,-5.2,-35.46,80.6,98,1577910311,78,9.17
196,Mayo,CA,63.59,-135.9,24.8,75,1577909843,79,11.41
197,Mamburao,PH,13.22,120.6,79.25,17,1577910311,68,6.26
198,Alice Springs,AU,-23.7,133.88,77.0,0,1577909738,17,13.09
199,Dhidhdhoo,MV,6.88,73.1,81.55,3,1577910312,80,11.86
200,Teeli,RU,51.01,90.2,-0.72,71,1577910312,68,1.63
201,Saint-Pierre,FR,48.95,4.24,34.0,90,1577910313,100,4.7
202,Antalaha,MG,-14.9,50.28,81.72,100,1577910304,77,5.73
203,Hobyo,SO,5.35,48.53,78.4,1,1577909847,78,13.87
204,Mawlaik,MM,23.63,94.42,56.61,32,1577910313,81,0.81
205,Seidu,NG,8.32,4.47,76.41,26,1577910314,18,6.62
206,Aklavik,CA,68.22,-135.01,-7.6,90,1577910314,76,6.93
207,Darab,IR,28.75,54.55,50.61,29,1577910315,80,4.09
208,Rio Gallegos,AR,-51.62,-69.22,71.6,20,1577910315,28,28.86
209,Chokurdakh,RU,70.62,147.9,-13.25,100,1577910316,98,4.0
210,Dauphin,CA,51.15,-100.04,28.4,75,1577910316,79,3.36
211,Harper,US,30.3,-99.24,51.8,90,1577910316,76,8.05
212,Port Blair,IN,11.67,92.75,81.34,1,1577909863,79,11.54
213,Ancud,CL,-41.87,-73.83,75.2,35,1577909795,53,6.93
214,Kodinar,IN,20.79,70.7,60.55,12,1577910317,65,5.26
215,Sept-Iles,CA,50.2,-66.38,27.0,90,1577910318,92,9.17
216,Nemuro,JP,43.32,145.57,26.29,0,1577910318,54,18.81
217,Katsuura,JP,33.93,134.5,43.0,75,1577910318,81,8.05
218,Kruisfontein,ZA,-34.0,24.73,62.69,4,1577910318,94,6.76
219,Tacuarembo,UY,-31.73,-55.98,75.58,98,1577910319,75,9.98
220,Santa Cruz,BR,-6.22,-36.02,81.32,99,1577910319,64,10.54
221,Batticaloa,LK,7.71,81.69,74.07,27,1577910319,94,0.96
222,Xichang,CN,27.88,102.25,31.64,97,1577910320,92,3.69
223,Tura,RU,64.27,100.22,-14.19,86,1577909812,96,6.31
224,Negombo,LK,7.21,79.83,77.0,20,1577910321,100,3.36
225,Griffith,AU,-34.29,146.06,66.2,0,1577910322,32,8.05
226,Nanchong,CN,30.8,106.08,45.61,38,1577910322,69,3.2
227,Ordzhonikidze,UA,44.96,35.36,39.47,68,1577910323,73,19.13
228,Sibolga,ID,1.74,98.78,69.44,93,1577910323,87,4.14
229,Adrar,DZ,27.87,-0.29,51.8,0,1577909869,37,12.75
230,Cap Malheureux,MU,-19.98,57.61,79.0,20,1577910324,88,5.82
231,Sechura,PE,-5.56,-80.82,70.3,88,1577910324,90,16.35
232,Lagoa,PT,37.14,-8.45,55.0,1,1577910324,87,5.82
233,Lima,PE,-12.06,-77.04,77.0,64,1577910060,69,16.11
234,Luangwa,MZ,-15.62,30.4,74.89,100,1577910325,58,1.54
235,College,US,64.86,-147.8,-0.4,90,1577910325,84,4.7
236,Vanino,RU,53.93,40.55,21.15,21,1577910326,90,6.58
237,Baykit,RU,61.68,96.39,-0.26,99,1577910310,98,2.15
238,Nchelenge,ZM,-9.35,28.74,72.57,100,1577910327,80,1.36
239,Lavrentiya,RU,65.58,-170.99,-17.45,0,1577910327,85,15.03
240,Bud,NO,62.91,6.91,46.4,90,1577910328,87,14.99
241,Huarmey,PE,-10.07,-78.15,80.64,49,1577910328,50,8.21
242,Campbell River,CA,50.02,-125.24,48.2,75,1577910065,93,3.36
243,Manzil Salim,TN,35.86,8.48,39.2,40,1577910329,83,3.36
244,Anadyr,RU,64.73,177.51,-27.0,2,1577910330,74,13.42
245,Nadadores,MX,27.03,-101.59,58.35,100,1577910330,69,11.95
246,Panguna,PG,-6.32,155.48,75.13,59,1577910331,88,1.25
247,Esperance,AU,-33.86,121.89,64.4,90,1577910036,93,10.29
248,Mehamn,NO,71.03,27.85,28.4,75,1577910331,79,17.22
249,Port Augusta,AU,-32.49,137.76,57.0,0,1577910331,61,7.72
250,Lorengau,PG,-2.02,147.27,83.35,100,1577909748,77,6.46
251,Zhigansk,RU,66.77,123.37,-33.97,0,1577910332,93,6.67
252,Kariba,ZW,-16.53,28.78,78.46,86,1577910332,52,4.7
253,Winnemucca,US,40.97,-117.74,48.2,75,1577910333,61,12.75
254,Buala,SB,-8.15,159.59,81.21,84,1577910333,76,3.22
255,Santa Rosa,AR,-36.62,-64.29,87.33,0,1577910334,29,15.55
256,Salekhard,RU,66.54,66.62,1.8,29,1577910131,85,7.87
257,Parangan,PH,5.08,119.94,81.5,100,1577910335,78,13.24
258,Ambilobe,MG,-13.19,49.05,77.56,100,1577910335,88,4.92
259,Nizwa,OM,22.93,57.53,61.34,61,1577910336,53,2.01
260,Swidwin,PL,53.77,15.78,34.0,23,1577910336,100,2.24
261,Arlit,NE,18.74,7.39,50.9,0,1577910337,22,10.0
262,Cumpas,MX,30.0,-109.78,56.62,0,1577910337,45,3.31
263,Taltal,CL,-25.41,-70.49,65.07,32,1577910337,73,7.31
264,Semey,KZ,50.41,80.25,17.87,100,1577910338,86,11.05
265,Amapa,HN,15.09,-87.97,86.0,20,1577910338,48,11.41
266,Chuy,UY,-33.69,-53.46,70.36,56,1577910338,78,14.65
267,Ostrovnoy,RU,68.05,39.51,6.33,38,1577909779,92,15.93
268,Hambantota,LK,6.12,81.12,79.25,1,1577909861,85,14.36
269,Nelson Bay,AU,-32.72,152.14,69.01,90,1577910339,88,13.87
270,Tuatapere,NZ,-46.13,167.69,55.0,100,1577910310,93,1.01
271,Vila Velha,BR,-3.71,-38.6,84.2,20,1577910339,66,9.17
272,Alvarado,CO,4.57,-74.95,75.2,75,1577910340,94,3.36
273,Rapid Valley,US,44.06,-103.15,52.0,90,1577910340,42,25.28
274,Salalah,OM,17.01,54.1,75.2,20,1577909847,78,3.36
275,Oranjestad,AW,12.52,-70.03,86.0,20,1577910063,62,18.34
276,Omboue,GA,-1.57,9.26,76.66,100,1577910342,94,2.26
277,College Place,US,46.05,-118.39,60.8,90,1577910342,76,14.99
278,Metro,ID,-5.11,105.31,72.59,76,1577910343,96,5.97
279,Port Hardy,CA,50.7,-127.42,44.6,75,1577909855,93,6.93
280,Hvide Sande,DK,56.01,8.13,42.01,100,1577910343,86,11.41
281,Victoria,BN,5.28,115.24,80.6,75,1577909530,83,4.7
282,Watertown,US,44.9,-97.12,30.0,90,1577910304,79,10.29
283,San Carlos de Bariloche,AR,-41.13,-71.31,66.2,75,1577910345,63,10.29
284,Kautokeino,NO,69.01,23.04,22.28,100,1577910345,94,9.93
285,Ridgecrest,US,35.62,-117.67,55.0,1,1577910346,46,6.93
286,Encruzilhada,BR,-15.53,-40.91,72.14,29,1577910346,86,2.98
287,Mikkeli,FI,61.69,27.27,33.01,96,1577910347,100,4.0
288,Thai Binh,VN,20.45,106.33,68.0,20,1577910347,88,4.7
289,Cidreira,BR,-30.17,-50.22,77.36,16,1577909802,88,17.52
290,Lesnoye,RU,51.57,42.77,30.99,100,1577910348,85,11.99
291,Nuuk,GL,64.17,-51.74,23.0,75,1577910348,85,12.75
292,Port-Gentil,GA,-0.72,8.78,80.6,20,1577910349,88,4.7
293,Praya,ID,-8.71,116.27,75.2,40,1577909795,94,0.65
294,Flin Flon,CA,54.77,-101.88,12.2,90,1577910349,92,3.36
295,Mlonggo,ID,-6.53,110.7,79.0,100,1577910350,100,17.76
296,Constitucion,MX,23.99,-104.67,46.4,90,1577910350,87,5.82
297,Altay,CN,47.83,88.13,15.3,100,1577910351,69,4.36
298,Nome,US,30.04,-94.42,60.8,90,1577910309,59,11.41
299,Raisinghnagar,IN,29.54,73.45,50.22,100,1577910351,28,7.9
300,Faya,SA,18.39,42.45,59.0,0,1577910352,82,9.17
301,Kaseda,JP,31.42,130.32,37.0,0,1577910352,74,4.41
302,Dunedin,NZ,-45.87,170.5,55.0,100,1577910066,95,5.88
303,Los Llanos de Aridane,ES,28.66,-17.92,64.99,100,1577909773,55,6.93
304,Vrises,GR,35.49,23.89,52.0,75,1577910353,100,11.41
305,Batagay-Alyta,RU,67.8,130.41,-25.46,0,1577910354,67,2.33
306,Longyearbyen,NO,78.22,15.63,10.4,75,1577910354,78,2.24
307,Raglan,AU,-23.72,150.82,77.0,40,1577910354,83,4.7
308,Shahr-e Kord,IR,32.33,50.85,24.8,97,1577910355,62,2.24
309,Jawa,ID,5.32,95.93,81.32,22,1577910355,71,14.23
310,Wasilla,US,61.58,-149.44,12.2,90,1577910356,85,4.7
311,Ibra,OM,22.69,58.55,65.66,42,1577910356,60,7.16
312,Embu,KE,-0.54,37.46,60.96,74,1577910357,81,5.12
313,Kalmunai,LK,7.42,81.82,81.88,16,1577910346,78,10.25
314,Jiaxing,CN,30.76,120.75,53.01,40,1577910357,87,2.24
315,Katangli,RU,51.71,143.23,3.47,100,1577910358,90,10.94
316,Verkhnyaya Inta,RU,65.99,60.32,10.81,100,1577910358,93,15.97
317,Buraydah,SA,26.33,43.97,57.2,100,1577910359,50,8.05
318,Glendive,US,47.11,-104.71,39.99,90,1577910242,93,12.75
319,Namatanai,PG,-3.66,152.44,83.3,100,1577910360,75,8.28
320,Kirgiz-Miyaki,RU,53.63,54.8,24.84,100,1577910360,97,4.9
321,Mizdah,LY,31.45,12.98,45.1,3,1577910361,82,7.52
322,Cabra,ES,37.47,-4.43,48.99,5,1577910361,93,2.1
323,Toamasina,MG,-18.17,49.38,78.8,75,1577910361,94,9.98
324,Shimoda,JP,34.7,138.93,35.01,0,1577909646,90,6.33
325,Buchanan,LR,5.88,-10.05,78.8,20,1577910362,94,4.16
326,Dongsheng,CN,29.72,112.52,41.45,100,1577910362,81,7.0
327,Gaya,IN,24.8,85.01,56.35,100,1577910363,83,4.63
328,Whyalla,AU,-33.04,137.58,68.86,0,1577910363,50,8.43
329,Sorland,NO,67.67,12.69,44.6,90,1577909852,87,33.33
330,Vao,EE,59.1,26.19,33.91,50,1577910364,92,9.1
331,Agde,FR,43.31,3.47,46.99,100,1577910364,93,4.14
332,Safonovo,RU,55.11,33.24,29.57,100,1577910365,87,9.31
333,El Carrizo,MX,28.21,-110.84,72.0,20,1577910366,56,8.05
334,Burnie,AU,-41.05,145.91,61.0,65,1577910366,65,3.0
335,Ambon,FR,47.55,-2.56,50.0,90,1577910366,100,2.24
336,Karratha,AU,-20.74,116.85,83.97,75,1577910367,73,12.03
337,Husavik,CA,50.56,-96.99,25.0,100,1577910367,83,4.88
338,Mmabatho,ZA,-25.85,25.61,69.04,100,1577910367,67,7.96
339,Portland,US,43.66,-70.25,39.2,40,1577909882,55,11.41
340,Mackay,CA,53.65,-115.58,33.8,75,1577910368,80,3.36
341,Oyama,JP,36.31,139.8,39.99,20,1577910368,85,2.24
342,Ambositra,MG,-20.53,47.24,64.72,100,1577910369,93,4.43
343,Pingliang,CN,35.54,106.68,23.18,0,1577910369,89,0.6
344,Ginir,ET,7.14,40.71,58.93,12,1577910369,74,3.78
345,NEDJO,ET,9.5,35.5,63.72,1,1577910370,43,2.26
346,Vangaindrano,MG,-23.35,47.6,74.37,100,1577910371,93,2.55
347,Vavozh,RU,56.77,51.93,9.03,100,1577910371,95,4.85
348,Rundu,NA,-17.91,19.77,69.8,99,1577910371,83,2.24
349,Malanville,NE,11.86,3.39,68.4,0,1577910372,17,12.57
350,Mendi,ET,9.8,35.1,68.56,1,1577910372,41,2.17
351,Narsaq,GL,60.91,-46.05,10.4,4,1577910372,55,4.7
352,Dingle,PH,11.0,122.67,72.54,46,1577910373,93,9.6
353,Erenhot,CN,43.65,111.97,8.96,0,1577909814,69,5.19
354,Lufilufi,WS,-13.87,-171.6,78.01,11,1577910373,94,3.0
355,San Francisco del Mar,MX,16.34,-94.51,91.72,5,1577910374,38,9.57
356,Bathsheba,BB,13.22,-59.52,82.4,40,1577909787,65,13.87
357,Bandarban,BD,22.2,92.22,65.52,91,1577910375,86,4.5
358,Srednekolymsk,RU,67.46,153.71,-3.21,100,1577910375,77,0.4
359,Tasiilaq,GL,65.61,-37.64,12.2,0,1577910376,56,25.28
360,Port Lincoln,AU,-34.72,135.86,64.4,0,1577909675,75,10.8
361,Paris,FR,48.86,2.35,43.0,90,1577910235,100,4.7
362,Progreso,UY,-34.68,-56.22,73.0,75,1577910377,73,14.99
363,Redmond,US,47.67,-122.12,53.01,90,1577910283,76,6.93
364,Coxim,BR,-18.5,-54.75,89.15,27,1577910378,59,5.57
365,Bilma,NE,18.69,12.92,47.68,0,1577909819,31,15.19
366,Ayan,IR,38.23,44.7,14.14,1,1577910379,79,9.98
367,Sokoto,NG,13.06,5.24,64.81,0,1577910137,20,18.43
368,Pisco,PE,-13.71,-76.2,73.99,77,1577910379,30,6.93
369,Paamiut,GL,61.99,-49.67,18.64,61,1577910380,49,8.81
370,Talavera de la Reina,ES,39.96,-4.83,42.87,23,1577910380,79,2.33
371,Houma,CN,35.63,111.36,29.5,40,1577910381,49,1.86
372,Praia da Vitoria,PT,38.73,-27.07,59.0,40,1577909788,87,18.5
373,Wahiawa,US,21.5,-158.02,80.6,1,1577910381,69,2.08
374,Madang,CN,35.32,102.79,22.93,0,1577910382,59,0.92
375,Phibun Mangsahan,TH,15.24,105.23,69.8,20,1577910382,88,4.7
376,Yurty,RU,56.05,97.64,21.87,100,1577910383,87,5.61
377,Nha Trang,VN,12.24,109.19,77.0,40,1577910157,88,13.87
378,Copiapo,CL,-27.37,-70.33,71.6,0,1577910384,56,11.41
379,Nerekhta,RU,57.46,40.57,26.6,75,1577910384,86,8.95
380,Grand Gaube,MU,-20.01,57.66,79.0,20,1577910385,88,5.82
381,Barra,GM,13.49,-16.54,77.0,0,1577910386,41,8.05
382,Necochea,AR,-38.55,-58.74,63.0,11,1577910387,1,10.0
383,Fare,PF,-16.7,-151.02,81.5,95,1577910388,76,18.01
384,Masvingo,ZW,-20.08,30.83,70.16,43,1577910388,70,3.98
385,Padalarang,ID,-6.85,107.48,66.76,80,1577910389,90,2.24
386,Potsdam,DE,52.4,13.06,37.99,0,1577910203,76,5.82
387,Fortuna,US,40.6,-124.16,55.4,75,1577909712,100,4.97
388,Nortelandia,BR,-14.45,-56.8,81.37,100,1577910390,86,4.72
389,Honiara,SB,-9.43,159.96,75.2,20,1577910390,94,3.36
390,Munster,US,41.56,-87.51,44.01,1,1577910391,69,13.87
391,Turayf,SA,31.68,38.65,44.6,100,1577910392,75,6.93
392,Tabou,CI,4.42,-7.36,78.21,58,1577910392,87,3.2
393,La Maddalena,IT,39.15,9.02,51.8,0,1577910393,93,4.7
394,Tabat,ID,-2.64,115.23,74.73,100,1577910394,92,0.49
395,Richards Bay,ZA,-28.77,32.06,77.32,100,1577910394,84,8.34
396,Beringovskiy,RU,63.05,179.32,-15.27,0,1577910395,82,14.74
397,Ulagan,RU,50.63,87.96,2.48,86,1577910395,79,7.07
398,Sabha,LY,27.03,14.43,46.04,0,1577909789,47,9.62
399,Turbat,PK,26.0,63.05,63.09,99,1577910396,48,11.86
400,Aksarayskiy,RU,46.79,48.01,37.4,40,1577910396,74,13.42
401,Lebowakgomo,ZA,-24.3,29.54,71.6,75,1577910397,93,18.34
402,Pacific Grove,US,36.62,-121.92,61.0,75,1577909857,82,6.93
403,Aksarka,RU,66.56,67.8,0.03,19,1577910398,88,9.91
404,Pahalgam,IN,34.03,75.33,6.22,100,1577910398,63,6.89
405,Awbari,LY,26.59,12.77,43.57,0,1577910399,46,5.68
406,Santa Fe,AR,-31.62,-60.7,88.0,88,1577910399,51,5.99
407,Rypefjord,NO,70.63,23.67,30.2,75,1577910399,79,28.86
408,Padang,ID,-0.92,100.36,69.75,99,1577909829,78,6.06
409,Umba,RU,66.69,34.34,24.66,100,1577910400,76,14.38
410,Ilulissat,GL,69.22,-51.1,8.6,87,1577909661,55,6.93
411,Juruti,BR,-2.16,-56.09,87.22,63,1577910401,60,1.07
412,Ngawi,ID,-7.4,111.45,73.22,100,1577910401,93,1.54
413,Courtenay,FR,48.04,3.06,44.01,90,1577910402,100,6.93
414,Baker City,US,44.77,-117.83,46.99,75,1577910403,61,3.36
415,Bonthe,SL,7.53,-12.5,79.09,36,1577910403,77,8.72
416,Qaqortoq,GL,60.72,-46.03,10.4,0,1577910404,55,4.7
417,Mugur-Aksy,RU,50.38,90.44,-3.1,26,1577910404,74,6.46
418,Wanning,AT,48.64,13.53,35.01,0,1577910405,100,1.12
419,Kitimat,CA,54.02,-128.69,39.0,90,1577910402,94,12.75
420,Ixtapa,MX,20.71,-105.21,70.0,90,1577910318,94,4.7
421,Riyadh,SA,24.63,46.72,57.2,100,1577910282,41,3.36
422,Brae,GB,60.4,-1.35,46.4,100,1577910407,87,27.51
423,Charters Towers,AU,-20.07,146.27,75.18,0,1577910407,78,6.17
424,Whitehorse,CA,60.72,-135.06,30.99,90,1577910132,86,13.87
425,Lata,IN,30.78,78.62,9.59,100,1577910408,81,6.67
426,Sola,TZ,-3.17,33.8,66.92,49,1577910408,80,4.27
427,Mandali,IQ,33.75,45.55,54.59,69,1577910409,61,8.19
428,Te Anau,NZ,-45.41,167.72,50.67,100,1577910409,96,5.73
429,Huilong,CN,31.15,106.5,44.96,7,1577909833,70,1.66
430,The Valley,AI,18.22,-63.06,84.2,20,1577910410,74,8.05
431,Kaoma,ZM,-14.8,24.8,67.39,100,1577910411,91,1.07
432,Rochester,US,44.02,-92.46,37.99,40,1577910066,74,13.87
433,Henties Bay,NA,-22.12,14.28,62.01,96,1577910412,89,1.99
434,Gaspar,BR,-26.93,-48.96,79.0,75,1577910289,94,13.87
435,Guilin,CN,25.28,110.29,53.6,90,1577910413,93,2.24
436,Banda Aceh,ID,5.56,95.32,71.15,35,1577910414,79,6.2
437,San Quintin,PH,17.54,120.52,71.51,0,1577910414,79,7.05
438,Kloulklubed,PW,7.04,134.26,80.6,75,1577910414,83,12.75
439,Bismarck,US,46.81,-100.78,39.99,90,1577910414,80,16.11
440,Vieques,PR,18.43,-65.83,84.2,40,1577910415,74,11.41
441,Ewa Beach,US,21.32,-158.01,80.6,1,1577910118,54,2.08
442,Yago,MX,21.83,-105.07,60.8,90,1577910416,100,6.93
443,Chapais,CA,49.78,-74.86,24.8,90,1577909824,92,5.82
444,Tupik,RU,54.43,119.94,-19.62,0,1577910416,85,2.1
445,Linxia,CN,35.6,103.21,22.93,0,1577910417,59,0.92
446,Bam,IR,29.11,58.36,54.27,100,1577910417,42,1.32
447,Johnstown,US,40.33,-78.92,41.0,1,1577910301,59,13.87
448,Nyandoma,RU,61.67,40.21,14.9,63,1577910418,97,3.91
449,Ust-Tsilma,RU,65.44,52.15,7.81,60,1577910419,95,5.44
450,Kenora,CA,49.76,-94.48,17.6,90,1577910419,78,10.29
451,Sao Sebastiao,BR,-3.15,-58.36,86.04,81,1577910420,68,0.89
452,Helong,CN,25.94,116.13,51.8,3,1577910420,93,1.92
453,Banjar,ID,-7.37,108.54,71.69,74,1577910420,93,1.83
454,Tongren,CN,27.72,109.18,42.91,100,1577910421,82,3.51
455,Saint-Francois,FR,46.42,3.91,41.0,90,1577910421,100,2.24
456,Nara,JP,34.68,135.8,44.6,20,1577910309,74,6.93
457,Oranzherei,RU,45.85,47.57,37.4,40,1577910422,74,13.42
458,Manaus,BR,-3.13,-59.98,86.0,75,1577910423,66,5.82
459,Salyan,AZ,39.59,48.98,48.06,100,1577910424,83,3.58
460,Kamenka,MD,48.03,28.7,28.99,24,1577910424,83,5.82
461,Porvoo,FI,60.4,25.66,36.0,88,1577910425,80,12.75
462,Morondava,MG,-20.3,44.28,77.86,72,1577910425,91,3.27
463,Algiers,US,29.94,-90.04,63.0,90,1577910239,48,3.36
464,Abu Dhabi,AE,24.47,54.37,69.8,100,1577910165,83,3.36
465,Aykhal,RU,65.95,111.51,-0.4,0,1577910426,84,4.47
466,Cayenne,GF,4.94,-52.33,84.2,40,1577910427,62,9.17
467,Luderitz,NA,-26.65,15.16,68.0,0,1577910427,72,16.11
468,Mandalgovi,MN,45.76,106.27,9.05,4,1577910428,65,7.54
469,Jiayuguan,CN,39.77,98.29,14.61,30,1577910428,71,2.04
470,Ruthen,DE,53.48,12.03,32.0,0,1577910428,86,8.05
471,Lasa,CY,34.92,32.53,50.0,75,1577910429,81,9.17
472,Ukiah,US,39.15,-123.21,62.01,90,1577910429,67,13.87
473,Zhuhai,CN,40.71,112.04,1.4,15,1577910430,77,4.47
474,Namibe,AO,-15.19,12.15,72.79,100,1577910430,83,7.92
475,Oloron-Sainte-Marie,FR,43.19,-0.61,54.0,5,1577910431,93,2.24
476,Muroto,JP,33.37,134.14,37.02,0,1577910431,60,4.45
477,Waverly,US,37.04,-77.1,55.4,1,1577910431,32,16.11
478,Krasnyy Yar,RU,50.7,44.73,31.6,100,1577910433,96,15.57
479,Prescott,US,34.54,-112.47,48.99,1,1577910309,52,5.73
480,Sitka,US,37.17,-99.65,55.0,0,1577910434,33,5.99
481,Virden,CA,49.85,-100.93,25.11,88,1577910435,93,10.42
482,Sioux Lookout,CA,50.1,-91.92,17.6,75,1577910435,78,6.93
483,Charleston,US,32.79,-79.94,64.0,1,1577910327,27,8.05
484,Katherine,AU,-14.47,132.26,84.2,100,1577910436,66,3.36
485,Boende,CD,-0.28,20.88,79.86,100,1577910436,70,1.95
486,Springville,US,40.17,-111.61,37.99,90,1577910137,80,5.82
487,Conceicao da Barra,BR,-18.59,-39.73,80.64,0,1577910210,80,21.16
488,Luzhou,CN,28.89,105.45,50.05,100,1577910438,68,1.99
489,Dakoro,NE,14.51,6.76,55.22,0,1577910438,29,14.47
490,Mayahi,NE,13.95,7.67,55.49,0,1577910438,29,14.5
491,Ust-Ishim,RU,57.69,71.17,14.45,98,1577909844,96,5.75
492,Visby,SE,57.64,18.3,42.01,100,1577910439,86,16.11
493,Kieta,PG,-6.22,155.63,81.66,85,1577910439,76,6.4
494,Bireun,ID,5.2,96.7,63.09,1,1577910440,78,1.72
495,Porto Novo,BR,-23.68,-45.44,91.4,40,1577910441,31,8.05
496,Mountain Home,US,43.13,-115.69,45.0,75,1577910441,100,12.75
497,Mujiayingzi,CN,42.12,118.78,12.27,0,1577910442,65,4.68
498,Toro,ES,41.52,-5.39,36.0,20,1577910443,73,3.36
499,Dicabisagan,PH,17.08,122.42,75.13,95,1577910443,87,15.23
500,Kenai,US,60.55,-151.26,10.99,75,1577909870,65,9.17
501,Paita,PE,-5.09,-81.11,62.6,58,1577910443,100,13.87
502,Luganville,VU,-15.51,167.18,77.0,75,1577910444,88,3.36
503,Flagstaff,US,35.2,-111.65,46.99,1,1577910194,35,6.93
504,Harstad,NO,68.8,16.53,44.6,75,1577910445,93,40.26
505,Moerai,PF,-22.43,-151.33,78.08,100,1577910445,87,33.42
506,Conceicao do Araguaia,BR,-8.26,-49.26,76.87,100,1577910445,93,2.89
507,Revda,RU,67.94,34.55,10.26,95,1577910446,89,4.61
508,Bitam,GA,2.08,11.49,72.19,97,1577910446,88,4.18
509,Tual,ID,-5.67,132.75,83.86,97,1577910446,70,2.93
510,Sagua la Grande,CU,22.81,-80.07,84.2,75,1577910447,66,9.17
511,Birzai,LT,56.2,24.75,37.33,100,1577910447,87,13.33
512,Deer Lake,CA,49.18,-57.43,28.4,90,1577910447,92,14.99
513,Maniitsoq,GL,65.42,-52.9,15.46,100,1577910448,85,12.3
514,Caravelas,BR,-17.73,-39.27,78.06,5,1577910448,79,10.42
515,Saint-Joseph,FR,43.56,6.97,48.0,0,1577910448,87,4.7
516,Malkara,TR,40.89,26.9,33.06,0,1577910449,76,9.22
517,Koslan,RU,63.46,48.9,3.18,100,1577910449,98,4.92
518,Micheweni,TZ,-4.97,39.83,83.14,65,1577910450,82,21.14
519,Yar-Sale,RU,66.83,70.83,-2.99,21,1577910409,90,9.75
520,Lumberton,US,30.27,-94.2,60.8,90,1577910450,59,11.41
521,Saint-Georges,CA,46.12,-70.67,30.0,100,1577910450,100,11.99
522,Miles City,US,46.41,-105.84,48.0,90,1577910451,81,10.29
523,Evans,US,40.38,-104.69,53.6,1,1577910451,23,8.05
524,Suratgarh,IN,29.32,73.9,50.25,100,1577910451,34,7.36
525,Dabakala,CI,8.36,-4.43,75.4,0,1577910452,17,3.24
526,Phuthaditjhaba,ZA,-28.53,28.82,60.49,26,1577910453,98,6.6
527,Cockburn Town,TC,21.46,-71.14,78.44,9,1577910280,67,5.21
528,Concarneau,FR,47.88,-3.92,50.0,90,1577910453,100,1.12
